47
63
1642 1535
2923 -2834
78 -1614
2074 -1287
2001 2371
-813 1587
-2257 -2272
34 2484
-711 203
-664 -3244
2599 2349
-784 -3309
2335 1496
-2770 681
-149 -3049
-2730 -2404
2394 -2819
-1286 -536
-1110 2206
-1129 2555
678 2597
-153 2973
565 135
-1122 -3225
1084 -3151
-817 -2405
-2477 2941
-25 553
-1690 2214
-3333 2223
446 -3546
-683 -2373
-2912 -1567
-1473 2937
-175 -277
2177 -3275
-2400 1354
-3216 2323
2088 2073
-2404 -632
2360 -3450
2186 2879
1009 2318
-846 -1174
1289 700
-2865 -1124
1630 -2200
-612 -1543
71 1749
-2112 2230
-2913 -138
-3316 168
526 -3051
2488 1875
2435 229
1285 1988
-230 -2925
-3553 -2351
462 692
644 2689
2247 -1484
-3212 -1674
-2995 2319
1734 -3249
-945 477
87
55 541
74 840
1717 -1510
2798 326
825 757
704 -1277
-2654 -3157
-3575 -1319
2314 -2019
2130 -2514
2963 2784
330 -1451
-940 -1495
2419 604
379 -3211
-3390 419
-3143 2566
-1453 286
2630 -3162
1143 464
893 773
1465 2739
-1710 2689
-2538 2148
2828 1385
-3312 1880
676 538
14 114
-2620 -1211
800 1145
-1373 2750
1071 -3412
713 -1770
-679 -2199
-2090 563
-77 2413
-3228 -3104
-1708 -1709
-3029 250
131 706
1807 -1107
504 1979
2520 -180
-2528 2440
-1261 -2821
-2940 -3566
-341 -3127
253 -2648
-2539 -3471
1612 -1128
-1226 -2007
-3550 -1529
2724 -3424
2232 -2174
2181 2672
-1810 -3598
-1941 -2931
2434 452
-866 -2244
-1293 2579
1800 -312
220 2858
-3398 218
-3080 -839
2409 2157
1757 1347
-1385 -465
2396 -1551
-3515 1324
-917 -929
-3454 -1565
-2018 -805
703 19
2623 -2587
-3304 -2245
-820 -96
-250 -183
-1428 -1586
-3729 2358
2517 -1513
1797 -394
-1923 2959
-951 821
-1418 -3569
-1060 -2661
-3346 -3022
1970 2217
2662 1882
274 -2156
0
-202 2404
-284 -2037
98
2741 -1453
-3411 -148
-281 -1692
-997 972
-3394 -1643
775 -1337
-3734 -717
-739 2305
-514 -1058
-2625 -2841
-297 517
864 -10
461 -18
-1365 -2115
-2365 -2953
2860 1724
-3504 1319
-830 -2765
-2790 316
2928 -2529
1563 1443
469 -1550
-603 2411
810 -364
1489 -353
1167 -3342
2218 291
841 2535
2918 1483
2659 2696
-413 810
-2816 1500
-535 872
-16 2183
1769 -384
2547 1344
243 -2216
-420 -3191
-658 601
-3512 -1740
1182 -3623
-1811 2637
-1438 1496
1513 2739
2359 -1616
-2242 -3362
2050 474
-754 -2797
-1960 -2840
200 2402
2492 1664
-340 1850
25 -482
-1573 -526
-3376 -1561
-980 -2239
1839 -1251
1812 -2853
1915 -2993
1924 -3731
-1520 605
-1819 -2295
2615 -2175
-3105 -1893
-873 -2013
65 -142
-3233 -3631
1449 -2558
-389 -2209
964 1383
2110 -912
-3232 -2180
2539 1343
-459 1288
1178 -1621
2514 -3206
1583 1058
-3093 2025
-2342 -2647
-3227 -2233
-381 2905
2423 623
2454 -1550
-1171 -597
672 -862
1749 365
-1737 -568
-2006 10
564 -2675
482 -2782
651 -3392
2457 -448
-702 -3724
2458 1559
1257 1509
27 -2499
2612 2088
1042 -2552
-3443 -1705
-2700 -3644
19
-1674 561
1078 -2571
1005 -2808
-3416 326
2282 -1238
1931 2799
2571 880
-1000 -2749
-417 -2610
2904 -997
-2118 85
-494 1211
-2975 1737
-2742 877
1268 -1030
2652 -1455
-2085 -66
1743 1249
-1084 1824
-2432 602
-1437 2237
63
2237 1443
441 2477
-3368 909
1257 -1153
756 1781
-3370 524
-2472 2291
460 -2762
-515 -49
-1909 2139
840 2728
-891 1785
-1687 1657
-3094 -347
-924 731
2559 -2765
-1617 2178
-1059 2962
2534 -1566
915 2320
1982 1010
-261 -962
-3273 1594
-2164 18
-1326 -795
-2414 176
-872 2773
2713 1644
-396 -3248
1228 765
-22 1522
-3123 -1171
-3735 -2304
-2547 -3118
-2857 2349
114 -1321
1494 -26
-512 2666
959 -222
-2346 901
415 1053
-1532 -323
1341 -3025
1182 -2294
-1393 -1090
2419 -3375
-3556 1914
-2581 2625
1021 2413
2172 1523
2463 -3574
1160 2115
-1817 1794
-1042 -1709
2956 1432
729 -471
-1924 -40
-1992 -890
-3445 2519
1197 -2399
-2297 -1661
-1191 -877
-873 1264
-1544 583
2841 981
18
-729 2190
2569 62
-532 -906
1921 -595
-3666 -3132
-1702 -2962
969 1468
-2732 -3400
-2525 -3044
-1325 1271
-3546 -1179
-2700 2991
2030 1947
-301 -2426
767 -156
-583 -1501
-63 2514
2146 76
-2152 -736
2222 1423
78
1598 -1614
-70 736
-2912 -208
-2843 350
1578 2124
-2123 -3489
-616 -3574
1529 -2631
-283 2573
-1853 -271
-1590 2830
-3592 2185
-1028 1228
-2935 957
-2224 -2695
1024 2368
-1693 -2560
-3102 139
1350 -1678
-361 -3571
2274 -1905
-2373 -3315
-1747 218
-2412 431
-1034 2539
1011 1914
-2508 -727
1196 -3501
-2306 2212
-2488 -1257
773 -2478
-1512 -3131
-1714 1074
-2653 -3686
-858 -1600
565 -1566
-1598 -1757
2022 -1534
1938 2540
2308 -300
-1942 1268
-1266 129
-1576 -407
2123 2640
-2226 1251
-867 -2660
694 -3230
2807 -741
148 1431
-3438 -10
2049 -765
-649 2343
-2009 -1013
577 -3668
-818 -1478
1764 193
-580 2041
502 -2730
-2803 -236
-3764 2810
-2164 -1715
-3656 1949
-2607 2312
-2699 -1784
-3568 -3139
-739 -2342
2494 2304
2396 1071
1527 -2323
2979 -1507
-3518 2419
-1311 -2724
-2653 -3085
-1966 -1662
-2130 1324
1230 -2679
-3422 1285
-2409 2342
-3236 -3268
1460 1886
20
1541 2357
-2896 -274
-2943 -1299
868 -2554
2157 420
-2229 1553
85 -2849
-2076 -3593
-2125 2114
-564 -984
1568 -2457
-1323 -258
-1549 -327
-2488 -2145
-3464 1176
-1367 -1108
-742 -1299
2732 -1347
-2111 -1760
-3481 106
-146 460
1731 -1728
18
-2995 1827
-2014 -2157
-826 996
298 1750
-3068 283
2147 -2786
2449 -1871
1465 -1997
-1360 -2384
-1621 -2413
1705 -2463
2924 405
-2119 1287
2844 -2884
-2941 -2152
-1461 561
898 -174
55 -2771
-2924 -35
2943 -718
26
-1501 -3654
-565 34
-99 -1079
-214 -1368
-1808 -280
-729 802
-332 -1664
566 -1210
-1619 -2404
79 -1183
1480 401
-3421 -1999
-1797 -1483
1365 2043
-1677 -875
-1439 -2825
-3054 -686
1981 -2390
-3377 -1295
1723 1082
767 -3203
1709 -2646
-3253 -12
2670 -2395
-457 -2989
2004 2176
2742 -3449
1526 508
91
2013 -2146
665 1884
2608 -1618
-3335 1049
-246 120
1628 -3485
-3485 540
-361 -1644
-1663 247
-3555 -1391
-1028 1367
168 763
-1439 1876
-762 -762
-252 88
-3238 -2887
-1026 717
-1978 -894
-1068 -1064
2709 -885
835 2802
-2848 1076
2884 593
-532 -1254
-2382 451
-1949 2664
-803 2226
-3687 2441
347 -1315
2842 -2419
-3187 1853
-3139 1707
-1972 -1087
-772 -1272
2779 -545
-2307 -3523
-3144 -25
-1776 1326
2126 910
-2572 2197
2355 1119
2155 2028
-91 -2096
-2007 417
-2889 2698
-2347 -1526
1521 -1912
-302 2613
493 -765
1305 -3505
718 -1020
-3027 2840
2231 -3466
-2844 2793
2516 -3248
1766 2275
2048 -1767
461 535
1799 -904
479 -112
-972 -2175
2207 -2339
-3203 897
-3333 -3372
-1379 2371
1264 2097
783 -1764
1945 1586
2354 -2636
778 -2364
-2487 300
-336 627
-988 1240
1025 2285
-1483 -1270
-985 1631
1886 790
-1659 1906
-961 -2651
146 -162
-2410 -968
-774 8
-396 -3445
-2991 -2778
-474 -2740
2771 -1542
2620 283
2525 1592
-446 -903
2271 2123
-2094 -3293
1585 -1171
420 1946
52
-293 27
636 2674
-1383 124
-1978 1193
-1956 -3481
302 2268
2179 -1558
514 -3034
336 1431
2669 1875
-2968 -2836
-3222 346
-2576 -838
-2811 -1720
-2711 -3323
-2129 414
2208 -2367
-2515 -3170
-995 -977
-2731 2123
2878 -902
-2475 528
-1303 -3126
2381 -1072
-2368 2278
281 -3422
322 647
1981 -2613
2011 -2663
-3565 -1443
2056 -2394
166 -1255
-3752 -352
2807 2293
-2180 -3374
-13 -3379
-1352 -1666
-2207 -1020
-3039 2626
-2370 -1219
-1791 1912
1105 -2773
2455 -3764
1044 2749
-1006 -2961
2296 -407
-2935 -1751
2083 1812
1055 -885
419 -657
2066 -3615
1833 1950
1456 -1049
-434 379
4
2259 -521
2955 -359
562 -1142
2009 -2295
-1293 -3613
2668 -3559
81
-1366 2500
-1485 2992
-1324 -1357
-1338 -1154
99 -973
2096 2961
-775 -3079
895 252
50 2720
1430 -2351
1851 -1113
-142 -2040
1477 -1717
-3736 1002
2898 -1072
1510 909
-773 -3168
-1398 68
-3092 -1721
2304 -917
1119 -2485
-2657 -1733
380 -3685
746 -3719
2567 -2503
-813 -3527
-1158 1777
-2415 -1839
-3371 623
212 -1010
-2212 2442
-3160 -1400
-73 2893
-1581 -3197
-1663 1881
2708 -1810
135 -1204
-1686 -265
-3296 2085
-1148 -305
-3208 -3473
2177 -761
1027 1226
-2426 -782
705 2959
84 1689
-2641 448
2659 -3204
2434 -3310
-1450 -402
2629 -1087
-1229 634
-2764 -1921
1026 -3036
1058 2560
399 -2314
2186 -3230
-3 -1188
23 -2911
2094 -627
1416 -2516
-629 341
1079 -314
-362 2155
-803 520
363 2129
-1868 2336
-222 -1593
867 903
-2057 2512
1272 -546
-3214 2830
-928 -1071
-3681 1767
-2411 -2516
1320 2874
-686 -1436
406 2493
-891 -1231
2956 -1828
-122 561
811 -952
532 1366
37
1195 -3235
-2879 -1074
-2242 -2740
-3550 -3494
786 146
229 286
592 -2125
-1528 -626
1791 -410
-2328 1573
1800 -3423
1668 606
-3726 1894
-1952 -525
2335 -132
2511 -1791
1746 -1729
-2630 -1900
2727 2277
2969 -833
-3682 2636
511 2135
261 2136
-2134 229
2027 -1441
1353 -694
882 -1069
2814 -1327
293 -959
-2371 -289
2206 -982
681 -476
2240 -677
-2110 -292
-2021 2838
-607 1678
-2303 -1568
-3292 -2856
-989 -1207
94
663 1971
2512 -1009
2969 -195
1168 760
223 -1663
-119 176
-2419 1177
-1929 -1442
-494 -3440
-3566 276
1052 2546
-1781 -1795
-1587 -1433
2457 -3718
1396 2780
-516 1213
569 -429
1990 2311
-1397 -3713
1912 -1957
-975 89
-1451 -1606
1302 2502
494 2803
2269 2481
-1221 -2497
-1383 836
-1677 -3497
-1587 293
-1838 1795
-2838 -1263
-173 -3056
-178 853
34 1148
2672 2797
-2080 -905
887 -1915
1864 -917
-3041 549
1001 767
727 2275
2711 -343
-3725 -3472
-124 -2247
-49 -228
1032 1845
-2042 -2726
-2416 -701
1108 -13
-583 -1151
-2546 -3462
-2323 -468
-1097 716
-2241 1701
-2541 -365
-1491 183
945 -2504
-2346 644
-1437 2905
2260 176
-1386 1283
-3653 529
-1488 737
-1082 -1480
-522 2840
1372 1610
2331 -1723
-1138 -2385
1514 -595
2916 -1690
-1935 -912
2673 1145
1557 741
-3001 1930
-3697 598
747 -1488
-2317 -1824
1446 -850
-2500 2785
167 -1067
992 -1046
67 322
2186 2454
939 744
-2989 -158
2038 -593
668 119
98 2513
-2785 2998
729 -2849
-1438 -1267
-2806 -613
-1747 2100
1521 -1794
-499 -890
-2048 -920
82
-1771 -1258
2170 896
966 -1170
624 -3394
55 -1533
-2306 954
2325 -478
1100 2824
-3220 1416
1921 138
-2588 -2088
-1809 2413
-1281 593
-2183 -3100
1698 -1633
-3010 -347
-1660 2260
-1772 2852
-3484 -786
2894 128
153 -826
-1147 415
2437 -3123
2943 -3132
-3461 -3212
2264 659
-2877 -522
-3695 2645
-3704 -3336
-1045 1298
-495 -3655
960 952
2091 1861
-128 -883
-1526 2102
1035 987
-816 161
-1298 -2029
2342 1352
-2998 -1975
-1823 2646
-1492 -1259
571 2926
1247 -21
-3333 -1919
626 306
-96 -452
-2775 -273
182 -1377
305 -2019
118 -682
-1111 456
1104 -3289
1487 247
2902 -1526
-642 880
-2631 -1158
-701 2152
-5 -3185
-330 -172
1511 -2954
-581 -1602
962 -3139
-724 2101
-1466 -2681
1221 -1785
2130 -1135
664 -3395
1063 -771
-1140 1330
-3518 -3753
669 2932
1489 -1245
-1333 1583
-779 -443
-3338 510
-1285 -1441
-1134 -1523
-3183 -1090
-2326 1245
-491 417
-603 2152
1113 -2761
-3758 -1899
8
757 -730
2344 2205
-2988 2336
-3169 245
1507 -3272
907 2971
-226 150
-1151 -1056
-607 -2589
1100 -893
4
-747 -1460
1500 2639
-2679 -3705
2252 2498
-175 -2340
-3012 -3262
56
-2399 -1577
917 276
-2813 -1961
153 -357
1224 -1865
-2846 2253
2772 2686
-1255 -3131
2253 2935
964 -1793
-1755 1506
-2997 -1314
646 495
-3388 2460
3 -722
-3568 -3325
1347 -801
1247 -924
-1479 2911
264 1755
18 1057
-3021 745
2609 -1066
-3370 -2920
1172 -3326
2821 -2097
2435 -2569
-591 -1426
1957 -807
1560 -3481
479 -517
1474 2111
721 -3445
-2001 -2883
-682 -2856
-2481 -2912
2170 2895
2652 1275
-1811 -2084
-828 -3302
-907 -3407
-3033 -429
-3291 -3306
2995 2440
-408 2466
-2972 1646
2454 -1260
2831 -1452
-1031 -656
-230 1408
-2826 2211
-191 2168
2464 1432
2229 -2880
-1855 191
2830 16
2099 249
-81 1113
85
-2185 -1889
-1809 -3667
-998 -130
-3346 -438
745 1007
2589 -1568
1763 -180
2135 -880
-1757 2242
563 1342
1860 -2416
-2650 21
1512 1263
-706 -535
235 -2870
-3207 -3752
-914 -2910
617 -278
-450 454
1469 -1441
-3210 2451
-1884 -1057
1431 -953
1425 6
-1940 -776
2597 -552
626 -908
-615 -2024
-509 231
-117 -1880
2190 863
-1603 1264
1765 1796
1304 -2488
2120 -1157
257 1290
79 1340
-2641 1995
1041 -2624
2144 -3744
-2769 -1719
2519 -2338
2053 -2388
-1871 -2144
-911 -1264
-3469 808
599 -3431
2407 2874
-3219 -3044
2175 -3227
-2213 2447
2055 -3094
1857 -2445
-3273 2046
-536 -375
-1026 1788
-1906 2210
-2128 2745
-1838 -1014
1687 2935
20 -1675
1927 -1091
-3372 -3456
1128 -1262
2052 -2475
-111 2131
-19 -1612
1019 1498
-42 1050
2894 -2953
1677 -771
1647 476
752 210
-625 -1871
-2674 216
2572 2042
2001 -678
280 1812
-1833 -3193
-433 -1543
-2700 -2041
-2169 -589
1740 2563
-1302 -1270
1489 576
-600 -634
-821 -1448
38
2202 -1438
-3491 662
-3431 1389
-1159 -3545
-3604 2687
1114 2862
-3154 1446
2489 -1957
294 -1042
1863 -1883
2948 894
329 -3682
-1502 -2730
223 -897
108 2412
2356 -1548
1167 -3615
-571 -852
248 548
-2154 1204
-1122 -1513
128 2013
-1397 -614
1746 -346
-1344 -2470
-129 -932
-457 1838
-1081 1134
2870 838
1240 -2324
1469 -3478
-3289 -3242
-1120 -2314
1527 -1931
-2809 1513
-2239 -1973
824 -3037
1704 279
1052 -2899
-3181 380
3
-126 -2703
174 2434
-2852 -3141
-2876 2205
-2150 -3015
79
-2103 1672
1056 -3294
101 -638
-91 2968
17 1156
-2291 -2897
-302 -938
1423 2740
-798 -160
-3320 2768
-1779 -774
1686 -1713
15 1759
-3451 946
2808 966
365 -2461
-1472 -2253
125 -3059
-2241 -40
2039 2886
-2062 -1406
2573 -575
963 -2066
-590 -1573
1133 -148
2096 -1878
-3451 1537
1351 1645
429 2374
-1183 1555
2201 209
-2821 -3707
-2589 -2517
-3651 1170
-561 -2737
1722 -1853
-2839 1145
-2180 -406
-2445 277
-1851 -1164
-3551 -938
-2302 -891
-620 -484
-2727 -1787
2347 298
-774 -2145
1624 -3579
1166 -1125
-199 -1625
-3114 -2240
-42 -55
-3392 1097
922 -3169
-3725 -1285
2399 -2049
174 -54
-296 1558
2957 -2476
-1674 -3213
-1698 1072
-2596 -1067
1613 249
-1306 -2406
-148 -2413
1131 95
1405 -1657
-1317 2304
2782 397
2148 -967
2047 -390
-1375 -536
-2216 1436
1974 -974
-817 -150
-265 -824
2105 -3600
2542 1646
2100 -171
-2924 2537
1842 1646
-3377 681
44
-2288 1022
816 -511
701 1834
-1444 336
2071 -2896
1858 -3216
2341 -331
-1367 -1836
806 -3511
235 -1487
-104 1468
-1776 -1823
687 -130
-851 1602
-78 -1684
2154 -1600
-311 -2631
1463 751
-2902 -1770
769 -1828
2071 1767
-2697 488
1854 470
1894 -3611
1934 2911
-765 1463
-3492 -2316
-1023 1767
-2294 -1262
1962 -402
191 505
-2239 -260
1162 1845
-431 96
-1334 -2808
2146 -2027
-1166 -2332
-1680 1656
1690 2705
-2094 1084
-1286 -658
544 -816
-1174 376
599 -2572
1672 -194
-2368 2782
41
-2588 -934
-2684 220
2895 1681
-1473 -983
-2642 1077
768 -3128
1610 -3588
-148 2802
-864 -2511
-1850 -2457
-1336 -3401
-3184 634
-38 -805
-1309 -1271
1873 1241
2539 -548
-2416 -2140
-2492 -865
-1260 126
-1195 168
-1152 2429
-3307 -3028
-705 -1633
-3620 1261
995 2868
-1746 -3181
50 1536
-2162 2090
-3044 1742
-237 -517
-1996 2905
-899 -1070
1880 2064
2331 434
-774 2188
2422 -820
-370 -3595
-842 1719
894 1134
134 1960
6 -3103
1727 -2821
-626 -395
18
2735 -805
-2616 -279
-733 1475
-2688 597
-906 -2726
-3242 -356
-475 67
-1720 2138
1478 -2587
1111 -199
-2729 -1340
2994 -3312
2652 -622
-3410 288
-3541 -12
633 1397
-3028 -1760
2352 -2290
1337 1563
-2704 434
28
-229 -3655
2062 -1022
-838 -3115
-1983 607
2007 -1839
-772 -7
-1450 2836
-3415 -2454
-1083 433
-1944 1749
-32 -536
-1330 -1662
-419 2538
-712 1818
-2673 -1181
-1761 -3645
-549 -2538
-3459 -2683
22 -282
1313 -2123
-292 1268
-970 -3214
-1216 2856
416 2273
-2192 -787
2553 280
84 1787
-1089 2506
-1069 1621
-1 2342
84
1836 1284
-1461 -1445
-2911 1308
1454 -3170
-805 1644
463 1475
-446 -3027
-3637 1660
1339 -716
-2964 -1847
-1279 637
-82 -2212
-2625 -1515
1990 -591
-2303 -2145
484 -2832
-76 2328
2237 -1256
2173 1599
-1005 1407
916 -2458
1200 -1632
89 2009
-3586 2194
-1771 2948
1820 -848
-3711 -1462
-489 -3173
-987 -3170
302 -2536
2473 1933
73 2539
-192 -141
-1638 2794
-3733 1291
-2600 2166
444 -3159
-3433 -2213
2530 -1758
424 -3644
-2650 -2205
2483 1722
-782 -1052
-2235 -1889
2417 -3409
-3236 -2806
72 -3273
-2471 -526
-308 1148
995 -279
-2848 -2724
-3172 -2522
-143 464
1304 -2990
-2100 1606
467 -2641
-613 -3243
-3740 228
-3491 1056
1552 -1374
-3461 -1612
330 -3707
1900 2927
-144 -3619
2726 2950
592 -1981
-2870 2059
-1582 -3730
-1365 445
-3515 -221
-1079 -1361
295 -2216
1798 -2848
411 522
2057 2346
-3242 311
2014 -808
1234 -1142
67 859
2597 -1555
-3718 -3116
-1890 -2979
2265 -1810
-954 -3078
-913 -1791
-3378 -3371
51
2498 -1588
-2878 -3155
-3466 -3074
518 -2977
-2901 1477
2533 -3100
2366 748
-424 -1495
1021 2475
-483 -2656
-735 -1946
2486 -1706
-3448 -622
-2423 -3366
-2574 -546
41 -2477
-1217 2484
1262 1985
2085 -693
1825 2010
-362 -1706
429 -1556
2796 1810
1560 2500
2841 -1097
-3200 -885
727 -268
-1019 2780
-3498 1351
2690 1477
2255 -711
-3219 -250
568 2071
1196 -3292
-863 -2966
767 1739
-1832 -2923
2300 -171
-1883 -3174
-1480 -1390
-773 2317
1050 -3740
-724 -2688
2976 -110
1916 355
577 1289
-3742 -3010
2257 -1613
-3519 -1020
1575 2904
-1889 -2001
-642 1843
1994 -447
54
2000 -3239
961 373
-966 -2846
-3571 -2467
-1434 2668
2476 -3529
-739 -2875
172 -2316
-3128 1923
-111 707
-2552 680
-2290 2177
1773 1815
966 1681
598 -373
-452 -628
-418 -2332
-260 -2372
2131 -3100
182 1105
-3310 -2595
-2598 -1651
-2933 2644
-2578 -1811
2127 1178
-3271 861
459 -2744
-3132 2771
-3651 -2646
-1175 -939
-545 -638
-2207 -2460
-3192 -3562
-755 1760
2611 -2501
1804 -1313
-3329 -3284
743 2207
-2055 407
-2512 101
-2437 1619
-529 -456
2280 -2021
-32 -907
2552 -245
-1163 2323
-176 -1769
-1925 199
-963 1107
-1985 -3675
79 172
2994 814
-430 -3155
-61 -1803
62 -2253
-693 -1308
63
-867 -2846
1314 717
-3745 -410
-1773 586
-1731 746
-94 1814
759 1096
1579 -2840
182 1254
-1142 -2345
-2612 1819
1226 -1017
-1502 -905
-564 -2326
1385 1541
1604 2936
-1839 1343
-1644 -3104
569 371
422 1638
-3549 -1789
-3201 -1452
1365 608
2883 -1255
-88 1296
853 1329
-262 -158
-1667 1658
1987 -813
-333 -2178
-1045 2311
69 658
-35 -2995
2393 -2415
845 601
-1259 -2834
1210 -1110
-906 133
1550 2397
645 2373
-910 -1998
-3304 331
1905 -1171
-2039 1425
-3191 -322
-2353 -3196
142 1594
-3019 205
-114 -2554
2650 -1814
94 -3197
994 -293
-2601 -1367
379 -1153
450 -2069
-700 168
1916 -2736
-585 711
-3089 -481
-1372 -1909
-2971 2589
927 -3338
-1404 -1448
1425 2755
194 -1523
37
-2877 2066
2167 1630
-351 694
293 -2704
612 -2369
149 234
-1747 -1982
-2738 -3151
-1492 -3635
-1392 -3720
-351 148
-2927 682
1127 -3316
1620 -3746
-1690 -1358
2174 354
-3550 642
-9 -1144
2654 -706
-3101 -2208
-2689 -2820
-1621 -2588
-1063 578
2463 -198
2084 -489
389 1996
-3161 1594
-1509 2265
-2844 -1731
406 -3384
-955 2459
-1946 -1720
-3574 -3020
1621 -2516
-3309 1514
-595 596
-1599 137
2259 2958
382 -2739
32
-3061 1412
2086 2102
-2145 884
612 -1229
2917 -1576
-2106 -2646
-3666 -1578
-3760 -963
651 -1497
-2337 -3030
1364 -623
2949 862
176 1294
1122 195
-1266 1732
1555 1704
-1806 601
-3074 97
-3511 2768
-3720 1386
1129 1495
-2880 1327
-3447 2777
-2359 -2725
741 -242
-1292 622
-3438 2692
1028 166
77 1026
-1319 700
-2179 -315
-2843 1509
-1131 2608
1827 -2450
44
-563 -1191
-892 1732
1040 -1220
-2209 1644
289 -2298
-1526 -1368
2334 742
-1632 -814
1711 -1153
-2409 94
566 -1052
-3243 716
381 691
1313 1988
379 -1485
2415 -21
-2419 306
881 -2841
-2432 483
-2973 227
-3068 350
-526 2347
-825 -1451
1573 -2136
-1420 51
1296 1272
-684 -573
465 -2359
2 -1665
1825 -3049
2173 -1991
-901 969
-1348 -1862
-568 -2970
1415 198
-1568 622
381 -346
-2052 71
-2083 1504
1929 1857
-2885 2237
-3025 -2495
-1099 966
1317 -366
-860 2011
-1300 -1246
49
-263 -2429
1719 -1316
2339 -2570
74 -251
2983 2191
1360 1674
-2574 628
222 -1670
-2590 1577
-2932 -2110
-3307 625
-2028 924
-1963 -2040
2622 -401
2332 147
-2326 2009
1929 1703
1625 986
-3003 -1829
1161 788
-2374 140
-2621 1963
-3466 -3255
904 1532
-1804 -3707
878 -1802
-618 -1727
846 1201
1672 1485
558 -1822
-1730 -3657
1999 -2664
-1645 864
-130 -2217
1312 890
1965 -507
-398 1825
-2320 -322
-3698 2762
-478 -1335
-2021 -478
37 1167
-2947 -1156
-3433 -3281
875 1823
-3648 -2298
-3041 -1627
902 1283
-1457 -197
1934 -650
-3744 -615
29
-1398 1115
-772 2797
-2089 -460
-1243 -3396
311 60
448 -2030
-845 1311
-2678 -2781
-2379 -2579
-3159 1270
-896 -3197
2322 675
1019 -3645
2623 -578
-3401 686
243 1903
1243 -2832
-2449 -3117
-786 2006
2121 -1611
2166 1098
-2465 2921
-1332 943
-1362 -1698
2696 -2547
-2918 2884
2509 2138
-2722 -3379
1532 -2799
-2244 1117
-1411 -741
92
915 2640
1276 -2960
1222 -2364
-1884 952
761 266
-3096 1946
-1931 2328
1351 1743
117 -1263
-3294 -940
1339 1516
-1228 -2371
1359 257
-3046 -3321
1905 97
-1965 -2011
1765 2482
99 -1058
-260 -2096
-1134 2891
-2115 1238
811 -272
-3704 -1973
-2642 980
1555 -3741
2334 2677
-148 -2048
-2692 897
2984 -1219
-1506 -17
-1617 571
-2739 -1340
-736 -1449
2372 -2095
62 -3471
2901 744
2150 2235
1879 -1392
1007 -480
2384 2369
-3180 -935
1741 -2034
2684 2882
-2669 -3211
-2945 14
1775 -3089
2022 -2159
-374 992
-2812 2933
-909 -535
-2893 137
-2668 40
-3073 446
959 439
1410 -3141
2549 91
-620 -871
-2949 951
145 2908
2774 1412
555 -1108
-3161 -2231
717 660
1175 1005
2972 -1900
-3353 -3746
-1763 -1379
1692 -3358
2554 473
-952 2665
1053 -719
1370 1935
336 1044
74 -2229
-25 2437
-2928 1997
-3592 -3115
-3078 1166
47 -2572
405 -2041
2455 -1142
1996 2503
-1943 -2166
-3167 985
890 -3126
-54 -2363
2260 -1936
-2252 -990
-1444 2157
-171 -1886
-1304 792
764 -1854
-3677 2961
-1608 1188
19
-2024 -3643
-3289 802
2987 -3250
1191 1060
15 905
-2262 -748
-3178 51
-1449 2287
2758 -1814
-149 -1195
843 -4
630 -1170
-1583 310
-1552 1662
-1260 -1022
-262 -2995
1653 2840
2243 -1120
1541 -2052
255 -3033
-759 -290
44
-1984 -356
-3345 -1257
1444 1967
1867 -3047
-2219 -243
2486 148
-157 2524
2089 2347
-1382 2021
1626 -252
1097 -1445
48 2678
-2605 472
-2018 2341
1031 1666
-1367 483
-2914 2374
166 -1276
-3669 1877
921 -1785
1063 -3622
698 1365
-1083 -165
-711 1362
-140 -1376
-1349 -2456
-1586 -3609
2370 -2457
460 -597
51 2740
-1841 -3711
-371 374
1872 -1519
1570 26
-3568 432
-2762 -3751
2267 781
-1361 -252
-3549 1536
-2423 278
384 -2086
-3354 -1792
-1693 -1762
1303 1421
-2973 1344
8 656
3
7 -92
-3126 -614
-103 -2183
-1357 -2653
-1235 279
32
1832 11
-2739 471
-2519 984
1911 -1150
2828 -2064
-2191 -1517
-854 -557
2014 2965
1162 -1450
-3634 -298
-1045 1735
-2831 -2270
-1889 -1860
-877 53
-502 2481
-1673 -1754
-2443 1517
1705 152
-2599 1287
-1133 1130
-1066 -1602
2160 1636
2314 1943
-2427 -2891
392 -2771
-2124 -1344
-787 -2600
-258 773
-1172 -1055
-1019 -3086
-2905 2357
629 -858
-3574 -1726
2524 -1836
34
-2771 929
901 -568
2604 1383
-3428 2407
2275 -3388
1905 -687
-2934 -662
-2541 -87
-3441 -3717
1321 1637
-2128 -2874
1585 -1019
-3133 1961
658 -1189
1705 2599
-2012 -3148
-357 272
1609 -3185
-806 -2985
-1013 -522
2655 -238
-470 -2393
-1657 924
-871 -2505
-2013 -3155
-1674 1312
-3208 -2475
-86 -1983
-2109 -3578
-2076 -568
-1933 1965
2258 -3067
-1471 2263
-1254 1002
-1217 -3075
-1761 -3217
69
-3339 2935
2304 2819
-3599 -3055
1879 -2655
-1495 1330
2249 -714
2228 1830
1145 -2177
1833 -3011
2902 -251
2751 -2587
-1376 2462
1339 -3613
701 -2812
-2465 -1618
-907 -2875
1285 -918
-1865 1647
1286 -2930
-2198 2629
234 -726
-2226 -3730
-3029 -1082
411 920
1904 -2172
840 -1902
-553 -659
-3163 -1244
-410 -3341
-3211 -1267
-524 897
-1323 -2638
831 742
224 -1180
-351 -50
1304 -3425
2256 -246
2960 -2391
-3457 2848
264 2130
2601 -628
2878 -1113
-3293 -2946
1487 2168
2936 -3074
-725 2011
552 2388
2577 -3217
-2332 -60
646 -2206
2541 -3584
101 -1279
1919 2642
1152 144
138 -2465
-3177 -2158
2028 -2535
-3654 332
-2472 -153
-1447 -989
-3026 1465
-172 -1722
-2171 83
-547 -764
1020 -3580
-1508 2050
-2913 -1062
2057 1413
-1632 -62
2021 -143
-240 1826
23
-1031 2140
-119 -3445
-2120 1125
-2126 -2235
-2045 -2985
679 -2332
-1967 -1854
1143 1313
-1686 -1301
-220 2166
-2171 -980
-2536 2585
1279 50
1572 -23
2222 -3618
2380 2709
-870 2272
-597 2194
981 -581
1423 -2757
-104 -3010
2209 1800
929 513
190 736
-2237 1882
84
-1834 494
2594 -3704
-3689 2408
-442 -435
560 -1872
802 -3235
-2743 -2673
2699 1963
-89 -2346
1166 -951
642 2027
733 -1824
723 2796
814 -1529
164 -2338
-1319 2222
-2370 -976
2412 -1046
1348 2033
-3220 -2631
-3711 -1204
-75 -2677
-2529 -1280
2381 -3011
1553 -773
-188 -593
1465 -1820
2165 -241
-3172 -3008
2556 10
1318 2909
-3726 -3130
-600 -731
-1874 -965
-1929 -2097
2485 -2534
-2324 -2862
-921 2400
1959 -912
-2022 639
-2047 -1490
-233 -103
-3467 -2463
-2511 173
151 -1674
-1525 2394
-3437 523
704 2238
-2652 -2349
-1468 -23
-1725 -445
-2012 2834
-3745 -1272
-1632 408
9 -3010
-597 1095
1534 -3107
278 -2934
-290 1980
1623 -3730
-1670 -1781
510 -717
-3418 -3578
2070 1205
418 -2719
997 -525
-351 -389
-2598 -92
-477 -2261
-2349 -1040
-2874 -507
-1179 -2891
1252 2004
-1580 1315
619 -2217
-1172 -1064
95 1582
-1273 1
-1005 -2214
1681 2111
-1486 -2247
-2538 -2095
2052 590
626 2467
-2541 -52
548 2081